编码 预测值 真实值
0 2 2
1 9 9
2 5 5
3 9 9
4 6 6
5 9 9
6 8 8
7 9 9
8 8 8
9 8 8
10 9 9
11 6 6
12 9 9
13 4 4
14 9 9
15 8 8
16 9 9
17 8 8
18 7 7
19 8 8
20 8 8
21 3 3
22 9 9
23 6 6
24 8 8
25 1 1
26 9 9
27 2 1
28 9 9
29 7 9
30 9 9
31 5 5
32 8 8
33 1 1
34 8 8
35 9 9
36 8 8
37 8 8
38 4 4
39 6 6
40 9 9
41 9 9
42 8 8
43 9 9
44 9 9
45 9 5
46 1 9
47 9 9
48 8 9
49 9 9
50 5 5
51 8 8
52 9 9
53 9 9
54 9 9
55 8 8
56 9 9
57 5 5
58 6 6
59 5 5
60 8 8
61 9 9
62 5 5
63 4 4
64 3 1
65 8 8
66 9 9
67 8 8
68 9 9
69 5 5
70 9 9
71 8 8
72 8 8
73 7 7
74 2 3
75 6 7
76 5 5
77 8 8
78 2 1
79 9 9
80 5 5
81 4 4
82 2 2
83 8 8
84 8 8
85 9 9
86 7 7
87 5 5
88 7 7
89 7 7
90 9 9
91 7 7
92 8 8
93 9 9
94 9 9
95 5 5
96 8 8
97 6 6
98 6 6
99 4 4
100 9 9
101 8 8
102 5 5
103 3 3
104 5 5
105 9 9
106 4 4
107 1 2
108 9 9
109 9 9
110 9 9
111 6 6
112 5 5
113 5 5
114 9 9
115 9 9
116 9 2
117 9 9
118 9 9
119 9 9
120 6 6
121 9 9
122 8 8
123 9 9
124 9 9
125 7 7
126 2 3
127 9 9
128 1 1
129 8 8
130 8 8
131 2 2
132 9 9
133 9 9
134 5 5
135 2 2
136 2 2
137 7 7
138 9 9
139 6 6
140 8 8
141 9 9
142 8 8
143 8 8
144 9 9
145 8 8
146 9 9
147 9 9
148 7 7
149 7 9
150 7 7
151 9 9
152 9 9
153 1 2
154 9 9
155 9 9
156 9 9
157 9 9
158 9 9
159 5 5
160 9 9
161 9 8
162 8 8
163 9 9
164 8 9
165 9 9
166 8 8
167 9 9
168 1 1
169 9 9
170 8 8
171 5 5
172 8 8
173 8 8
174 7 7
175 9 9
176 9 9
177 3 3
178 9 9
179 8 8
180 9 9
181 9 9
182 8 8
183 9 9
184 9 9
185 5 5
186 9 9
187 9 9
188 9 9
189 8 8
190 9 9
191 9 9
192 8 8
193 6 6
194 1 1
195 8 8
196 8 8
197 8 8
198 7 7
199 5 3
200 1 1
201 7 7
202 5 5
203 9 9
204 9 9
205 9 9
206 5 5
207 8 8
208 9 9
209 4 4
210 9 9
211 9 9
212 1 2
213 3 3
214 9 9
215 7 7
216 9 9
217 5 5
218 9 9
219 9 9
220 5 5
221 5 5
222 9 9
223 8 8
224 7 7
225 5 5
226 2 1
227 8 8
228 7 7
229 4 4
230 5 5
231 9 9
232 9 9
233 5 5
234 4 4
235 9 9
236 8 8
237 6 6
238 8 8
239 3 3
240 9 7
241 8 8
242 5 5
243 1 1
244 1 1
245 7 7
246 7 7
247 9 9
248 6 6
249 7 7
250 7 7
251 8 8
252 5 5
253 8 8
254 5 5
255 9 9
256 6 6
257 5 5
258 9 9
259 8 8
260 4 4
261 7 7
262 9 9
263 5 5
264 3 3
265 8 8
266 9 9
267 9 9
268 7 7
269 9 9
270 7 7
271 5 5
272 5 5
273 9 9
274 9 9
275 8 8
276 5 5
277 8 8
278 8 8
279 9 9
280 9 9
281 2 2
282 8 8
283 8 8
284 7 7
285 9 9
286 4 4
287 9 9
288 9 9
289 5 5
290 8 8
291 5 5
292 8 8
293 9 9
294 9 9
295 9 9
296 8 8
297 9 9
298 5 5
299 1 1
300 4 4
301 7 7
302 2 2
303 5 5
304 1 2
305 9 9
306 5 5
307 9 9
308 9 9
309 9 9
310 8 8
311 8 8
312 3 3
313 8 8
314 9 9
315 7 7
316 7 7
317 9 9
318 1 2
319 5 5
320 8 8
321 8 9
322 9 9
323 5 5
324 8 8
325 9 9
326 5 5
327 9 9
328 3 3
329 6 6
330 7 7
331 8 8
332 9 9
333 9 9
334 9 9
335 9 9
336 9 9
337 8 8
338 1 1
339 9 9
340 2 1
341 9 9
342 4 4
343 3 3
344 4 4
345 8 8
346 8 9
347 8 8
348 2 2
349 9 9
350 8 8
351 5 5
352 9 9
353 9 9
354 5 5
355 3 3
356 9 9
357 8 8
358 8 8
359 6 6
360 9 9
361 9 9
362 8 8
363 7 7
364 9 9
365 8 8
366 9 9
367 8 8
368 5 5
369 8 8
370 3 3
371 5 5
372 9 9
373 9 9
374 9 9
375 7 7
376 4 4
377 9 9
378 9 9
379 8 8
380 9 9
381 5 5
382 3 3
383 8 8
384 4 4
385 8 8
386 9 9
387 9 9
388 9 9
389 5 5
390 6 6
391 1 1
392 9 9
393 9 9
394 5 5
395 5 5
396 9 9
397 6 6
398 9 9
399 7 7
400 9 9
401 8 8
402 4 4
403 8 8
404 9 9
405 9 9
406 9 9
407 4 4
408 9 9
409 9 9
410 8 8
411 6 6
412 7 7
413 8 8
414 9 9
415 5 5
416 6 6
417 8 8
418 5 5
419 9 9
420 1 1
421 2 3
422 3 3
423 9 9
424 9 9
425 8 8
426 8 8
427 8 8
428 9 9
429 9 9
430 9 9
431 5 5
432 9 9
433 9 9
434 9 9
435 9 9
436 9 9
437 9 9
438 7 7
439 2 1
440 9 9
441 2 2
442 9 9
443 2 2
444 1 1
445 8 8
446 9 9
447 8 8
448 9 9
449 8 8
450 2 3
451 3 3
452 5 5
453 8 8
454 9 9
455 3 3
456 8 8
457 8 8
458 9 9
459 4 4
460 9 9
461 1 1
462 9 9
463 7 7
464 3 3
465 8 8
466 1 1
467 8 8
468 4 4
469 7 7
470 9 9
471 2 2
472 5 5
473 5 5
474 9 9
475 6 6
476 3 3
477 9 9
478 5 5
479 8 8
480 9 9
481 1 1
482 8 8
483 9 9
484 5 5
485 9 9
486 8 8
487 1 2
488 1 2
489 9 9
490 9 5
491 9 9
492 8 8
493 9 8
494 1 1
495 6 6
496 9 9
497 5 5
498 1 1
499 9 9
500 9 9
501 2 2
502 9 9
503 9 9
504 5 9
505 9 9
506 8 8
507 5 5
508 4 4
509 8 8
510 6 6
511 2 9
512 8 8
513 5 5
514 8 8
515 8 8
516 3 3
517 8 8
518 8 8
519 4 4
520 9 9
521 2 2
522 9 9
523 3 3
524 9 9
525 8 8
526 8 8
527 9 9
528 9 9
529 9 9
530 9 9
531 8 8
532 9 9
533 9 9
534 8 8
535 3 3
536 7 7
537 8 8
538 9 9
539 1 1
540 9 9
541 8 8
542 3 3
543 8 8
544 8 8
545 8 8
546 2 2
547 2 2
548 7 7
549 9 9
550 9 9
551 9 9
552 8 8
553 9 9
554 3 3
555 9 9
556 6 6
557 7 7
558 9 9
559 9 9
560 9 9
561 8 8
562 9 9
563 8 8
564 4 4
565 8 8
566 9 9
567 5 5
568 9 9
569 5 5
570 2 2
571 9 9
572 9 9
573 6 6
574 9 9
575 5 5
576 7 7
577 9 9
578 8 8
579 9 9
580 8 8
581 9 9
582 2 2
583 9 9
584 1 1
585 9 9
586 8 8
587 5 5
588 3 3
589 8 8
590 4 4
591 9 9
592 8 8
593 9 9
594 9 9
595 8 8
596 8 8
597 6 6
598 6 6
599 2 2
600 8 8
601 9 9
602 8 8
603 9 9
604 3 3
605 8 8
606 2 2
607 9 9
608 9 9
609 7 7
610 9 9
611 6 6
612 8 8
613 9 9
614 3 3
615 9 9
616 8 8
617 9 9
618 9 9
619 9 9
620 5 5
621 8 8
622 1 2
623 4 4
624 9 9
625 1 1
626 7 7
627 8 9
628 7 7
629 1 2
630 9 9
631 9 9
632 8 8
633 8 8
634 3 3
635 8 8
636 4 4
637 9 9
638 9 9
639 8 8
640 5 5
641 7 7
642 8 8
643 9 9
644 8 8
645 8 8
646 4 4
647 2 2
648 8 8
649 8 8
650 5 5
651 5 5
652 9 9
653 8 8
654 8 8
655 3 3
656 1 2
657 6 6
658 9 9
659 1 1
660 2 1
661 3 3
662 9 9
663 9 9
664 9 9
665 5 5
666 9 9
667 8 8
668 2 2
669 1 1
670 8 8
671 5 5
672 8 8
673 8 8
674 7 7
675 8 8
676 9 9
677 9 9
678 9 9
679 9 9
680 8 8
681 1 1
682 9 9
683 9 9
684 5 5
685 9 9
686 1 1
687 9 9
688 8 8
689 9 9
690 8 8
691 9 9
692 5 5
693 8 9
694 9 9
695 8 8
696 5 5
697 8 8
698 4 4
699 5 5
700 9 9
701 7 7
702 9 9
703 9 9
704 6 6
705 9 9
706 3 3
707 9 9
708 5 5
709 8 8
710 9 9
711 2 2
712 2 1
713 3 3
714 6 6
715 8 8
716 5 5
717 9 9
718 3 3
719 9 9
720 5 5
721 9 9
722 2 2
723 9 9
724 8 8
725 9 9
726 6 6
727 9 9
728 9 9
729 3 3
730 7 7
731 9 9
732 6 6
733 8 9
734 9 9
735 9 9
736 9 9
737 9 9
738 9 9
739 9 9
740 7 7
741 3 3
742 9 9
743 8 8
744 3 7
745 9 9
746 9 9
747 9 9
748 9 9
749 7 7
750 6 6
751 9 9
752 9 9
753 5 5
754 6 6
755 8 8
756 9 9
757 9 9
758 8 8
759 9 9
760 7 7
761 3 3
762 5 5
763 8 8
764 8 8
765 2 2
766 8 8
767 9 9
768 7 7
769 5 9
770 8 8
771 9 9
772 4 4
773 9 9
774 4 4
775 9 9
776 8 8
777 4 4
778 9 9
779 8 8
780 9 9
781 9 9
782 9 9
783 8 8
784 8 8
785 9 9
786 9 9
787 9 9
788 9 9
789 7 7
790 8 8
791 8 8
792 3 3
793 1 1
794 9 9
795 8 8
796 8 8
797 8 8
798 8 8
799 8 8
800 2 2
801 5 9
802 9 9
803 9 9
804 9 9
805 8 8
806 5 1
807 5 5
808 9 9
809 1 2
810 9 9
811 1 1
812 9 9
813 8 8
814 5 5
815 9 9
816 7 7
817 4 4
818 9 9
819 1 2
820 6 6
821 9 9
822 9 9
823 5 5
824 7 7
825 3 3
826 9 9
827 6 6
828 9 9
829 9 9
830 5 5
831 9 9
832 9 9
833 1 1
834 9 9
835 2 2
836 9 9
837 8 8
838 9 9
839 9 9
840 2 2
841 9 9
842 8 8
843 9 9
844 8 8
845 9 9
846 9 9
847 8 8
848 9 9
849 8 8
850 8 8
851 4 4
852 8 9
853 8 8
854 9 9
855 9 9
856 1 1
857 6 6
858 4 4
859 4 4
860 5 5
861 8 8
862 8 8
863 9 9
864 8 8
865 8 8
866 9 9
867 9 9
868 8 8
869 8 8
870 2 2
871 5 5
872 1 2
873 7 7
874 7 7
875 7 7
876 4 4
877 6 6
878 3 3
879 9 9
880 1 1
881 8 8
882 3 3
883 9 9
884 9 9
885 1 2
886 9 9
887 9 9
888 9 9
889 8 8
890 4 4
891 5 5
892 6 6
893 9 9
894 3 3
895 9 9
896 1 1
897 5 5
898 8 8
899 8 8
900 9 9
901 9 9
902 5 5
903 6 6
904 3 3
905 9 9
906 3 3
907 1 2
908 7 7
909 9 9
910 9 9
911 9 9
912 9 9
913 1 2
914 5 5
915 9 9
916 9 9
917 6 6
918 8 8
919 9 9
920 2 2
921 5 5
922 9 9
923 9 9
924 3 3
925 9 8
926 9 9
927 9 9
928 9 9
929 9 9
930 2 2
931 3 3
932 8 8
933 7 7
934 9 9
935 8 8
936 9 5
937 5 5
938 8 8
939 6 6
940 9 9
941 9 9
942 9 9
943 3 3
944 4 4
945 9 9
946 9 9
947 9 9
948 9 9
949 9 9
950 9 9
951 8 8
952 1 2
953 8 8
954 9 9
955 9 9
956 5 5
957 9 9
958 8 8
959 1 1
960 4 4
961 4 4
962 9 9
963 9 9
964 9 9
965 9 9
966 9 9
967 9 9
968 8 8
969 4 4
970 9 9
971 7 7
972 8 8
973 8 8
974 6 6
975 5 5
976 8 8
977 5 5
978 7 7
979 9 9
980 9 9
981 6 6
982 1 1
983 8 8
984 5 5
985 9 9
986 8 8
987 8 8
988 7 7
989 9 1
990 9 9
991 9 9
992 5 5
993 8 8
994 2 2
995 8 8
996 9 9
997 8 8
998 8 8
999 9 9
1000 8 9
1001 8 8
1002 9 9
1003 2 2
1004 8 8
1005 9 9
1006 9 9
1007 3 3
1008 5 5
1009 9 9
1010 9 9
1011 8 9
1012 9 9
1013 9 9
1014 9 9
1015 6 6
1016 8 8
1017 1 1
1018 3 1
1019 7 7
1020 7 7
1021 7 7
1022 9 9
1023 5 9
1024 9 9
1025 5 5
1026 9 9
1027 2 2
1028 9 9
1029 8 8
1030 8 8
1031 4 4
1032 3 3
1033 8 8
1034 8 8
1035 9 9
1036 9 9
1037 8 8
1038 9 9
1039 9 9
1040 8 9
1041 7 7
1042 3 3
1043 9 9
1044 9 9
1045 8 8
1046 5 5
1047 9 9
1048 9 9
1049 9 9
1050 1 1
1051 6 6
1052 1 1
1053 9 9
1054 8 8
1055 9 9
1056 9 9
1057 9 9
1058 5 5
1059 9 9
1060 9 9
1061 2 2
1062 5 5
1063 8 8
1064 7 7
1065 9 9
1066 6 6
1067 9 9
1068 8 8
1069 9 9
1070 7 7
1071 8 8
1072 9 9
1073 9 9
1074 9 9
1075 9 9
1076 7 7
1077 5 5
1078 8 8
1079 8 8
1080 4 4
1081 6 6
1082 5 5
1083 9 9
1084 2 2
1085 2 2
1086 6 6
1087 9 9
1088 9 9
1089 1 1
1090 8 9
1091 8 8
1092 5 5
1093 9 9
1094 1 1
1095 9 9
1096 8 8
1097 2 2
1098 2 2
1099 4 4
1100 6 6
1101 6 6
1102 9 9
1103 2 2
1104 8 8
1105 9 9
1106 5 5
1107 8 8
1108 8 8
1109 8 8
1110 4 4
1111 3 2
1112 9 9
1113 9 9
1114 8 8
1115 5 5
1116 7 7
1117 9 9
1118 5 5
1119 5 5
1120 5 5
1121 6 6
1122 6 6
1123 9 9
1124 5 5
1125 4 4
1126 2 1
1127 9 9
1128 9 9
1129 9 9
1130 8 8
1131 7 7
1132 2 2
1133 5 5
1134 9 9
1135 7 7
1136 2 2
1137 5 5
1138 9 9
1139 9 9
1140 5 5
1141 8 8
1142 9 9
1143 8 8
1144 5 5
1145 5 5
1146 9 9
1147 8 8
1148 8 8
1149 8 8
1150 5 5
1151 7 7
1152 2 2
1153 9 9
1154 1 1
1155 8 8
1156 1 1
1157 2 2
1158 9 9
1159 6 6
1160 8 8
1161 8 8
1162 9 9
1163 5 5
1164 9 9
1165 8 8
1166 5 5
1167 5 5
1168 8 8
1169 8 8
1170 5 5
1171 5 9
1172 8 6
1173 9 9
1174 5 5
1175 9 9
1176 9 9
1177 9 9
1178 9 9
1179 9 9
1180 8 8
1181 6 6
1182 9 9
1183 8 8
1184 6 6
1185 2 1
1186 9 9
1187 8 8
1188 3 3
1189 9 9
1190 8 8
1191 8 8
1192 9 9
1193 6 6
1194 9 9
1195 9 9
1196 2 2
1197 9 9
1198 1 1
1199 9 9
1200 7 7
1201 9 9
1202 9 9
1203 8 8
1204 9 9
1205 2 2
1206 8 8
1207 9 9
1208 7 7
1209 5 5
1210 5 5
1211 8 8
1212 9 9
1213 9 9
1214 2 2
1215 6 6
1216 1 1
1217 8 8
1218 9 9
1219 9 9
1220 9 9
1221 9 9
1222 9 9
1223 8 8
1224 8 8
1225 8 8
1226 3 3
1227 3 3
1228 3 3
1229 8 8
1230 9 9
1231 8 8
1232 9 9
1233 2 2
1234 5 5
1235 9 9
1236 4 4
1237 9 9
1238 9 9
1239 9 9
1240 9 9
1241 9 9
1242 7 7
1243 9 9
1244 6 6
1245 8 8
1246 4 4
1247 9 9
1248 3 3
1249 5 5
1250 9 9
1251 2 1
1252 6 6
1253 9 9
1254 2 2
1255 5 5
1256 9 9
1257 9 9
1258 9 9
1259 9 9
1260 9 9
1261 6 6
1262 9 9
1263 4 4
1264 3 3
1265 9 9
1266 8 8
1267 8 8
1268 5 5
1269 5 5
1270 9 9
1271 5 5
1272 9 9
1273 7 7
1274 3 3
1275 2 2
1276 6 6
1277 9 9
1278 8 8
1279 1 2
1280 8 7
1281 2 2
1282 3 3
1283 4 4
1284 8 8
1285 9 9
1286 8 8
1287 5 5
1288 9 9
1289 5 5
1290 6 6
1291 9 9
1292 8 9
1293 6 6
1294 9 9
1295 9 9
1296 4 4
1297 8 8
1298 7 7
1299 8 8
1300 8 8
1301 9 9
1302 9 9
1303 9 9
1304 8 8
1305 8 8
1306 5 5
1307 8 8
1308 7 7
1309 7 7
1310 4 4
1311 8 8
1312 9 9
1313 8 8
1314 8 8
1315 8 8
1316 9 9
1317 3 3
1318 9 9
1319 8 8
1320 6 6
1321 8 8
1322 9 9
1323 9 9
1324 4 4
1325 9 1
1326 9 9
1327 9 9
1328 9 9
1329 1 2
1330 9 9
1331 8 8
1332 9 9
1333 9 9
1334 9 9
1335 9 9
1336 9 9
1337 7 7
1338 5 5
1339 9 9
1340 3 3
1341 1 1
1342 9 9
1343 1 1
1344 1 1
1345 9 9
1346 9 9
1347 4 4
1348 9 9
1349 8 8
1350 3 3
1351 2 2
1352 8 8
1353 2 2
1354 4 4
1355 8 8
1356 5 5
1357 9 9
1358 9 9
1359 9 9
1360 9 9
1361 8 8
1362 6 6
1363 8 8
1364 8 8
1365 8 8
1366 9 9
1367 7 6
1368 8 8
1369 8 8
1370 9 9
1371 8 9
1372 9 9
1373 9 9
1374 8 8
1375 9 9
1376 4 4
1377 9 9
1378 8 8
1379 5 5
1380 7 6
1381 9 9
1382 5 5
1383 5 5
1384 5 5
1385 8 8
1386 8 8
1387 9 9
1388 9 9
1389 1 2
1390 9 9
1391 9 9
1392 3 8
1393 9 9
1394 9 9
1395 8 8
1396 8 8
1397 2 1
1398 8 8
1399 9 9
1400 5 5
1401 2 2
1402 5 5
1403 5 5
1404 2 1
1405 9 9
1406 1 1
1407 6 6
1408 7 7
1409 9 9
1410 5 5
1411 5 5
1412 7 7
1413 2 3
1414 9 9
1415 8 8
1416 9 9
1417 8 8
1418 9 9
1419 2 1
1420 9 9
1421 5 5
1422 9 9
1423 9 9
1424 9 9
1425 4 4
1426 2 1
1427 5 5
1428 9 9
1429 9 9
1430 9 9
1431 9 9
1432 9 9
1433 9 9
1434 9 9
1435 9 9
1436 8 8
1437 5 5
1438 4 4
1439 1 1
1440 2 2
1441 4 4
1442 5 5
1443 9 9
1444 8 8
1445 8 8
1446 7 7
1447 9 9
1448 2 2
1449 8 8
1450 8 8
1451 9 9
1452 2 1
1453 2 2
1454 7 6
1455 5 5
1456 1 1
1457 9 9
1458 8 9
1459 5 5
1460 1 5
1461 5 5
1462 9 9
1463 3 3
1464 9 9
1465 9 9
1466 8 8
1467 2 3
1468 2 2
1469 8 8
1470 9 9
1471 6 6
1472 8 9
1473 8 8
1474 9 5
1475 6 6
1476 4 4
1477 8 8
1478 8 8
1479 7 7
1480 9 9
1481 8 8
1482 6 6
1483 8 8
1484 6 6
1485 9 9
1486 8 8
1487 9 9
1488 8 8
1489 9 9
1490 8 8
1491 6 6
1492 7 7
1493 6 6
1494 4 4
1495 9 9
1496 9 9
1497 9 9
1498 8 8
1499 1 1
1500 9 9
1501 9 9
1502 2 2
1503 4 4
1504 9 9
1505 3 3
1506 8 8
1507 2 2
1508 8 8
1509 8 8
1510 9 9
1511 9 9
1512 5 8
1513 5 5
1514 7 7
1515 9 9
1516 9 9
1517 2 2
1518 6 6
1519 9 9
1520 1 2
1521 3 3
1522 5 5
1523 8 1
1524 9 9
1525 6 6
1526 9 9
1527 8 8
1528 4 4
1529 9 9
1530 9 9
1531 1 1
1532 8 8
1533 2 2
1534 9 9
1535 2 2
1536 9 9
1537 8 8
1538 5 5
1539 8 8
1540 9 9
1541 8 8
1542 7 7
1543 9 9
1544 8 8
1545 3 3
1546 9 9
1547 3 3
1548 9 9
1549 7 7
1550 8 8
1551 8 8
1552 4 4
1553 2 2
1554 8 8
1555 9 9
1556 7 7
1557 9 9
1558 2 2
1559 7 9
1560 9 9
1561 7 7
1562 2 1
1563 8 8
1564 3 3
1565 9 9
1566 8 8
1567 9 9
1568 9 9
1569 9 9
1570 9 9
1571 4 4
1572 2 2
1573 8 8
1574 5 5
1575 1 2
1576 9 9
1577 2 2
1578 6 6
1579 9 9
1580 7 7
1581 8 9
1582 4 4
1583 1 1
1584 9 9
1585 8 8
1586 8 8
1587 3 3
1588 9 9
1589 8 8
1590 3 3
1591 8 8
1592 9 9
1593 9 9
1594 5 5
1595 9 9
1596 1 1
1597 2 2
1598 7 7
1599 9 9
1600 6 6
1601 8 8
1602 7 7
1603 2 2
1604 2 2
1605 2 2
1606 9 9
1607 4 4
1608 5 5
1609 4 4
1610 4 4
1611 9 9
1612 4 4
1613 8 8
1614 3 3
1615 9 9
1616 5 5
1617 9 9
1618 9 9
1619 9 9
1620 1 1
1621 5 5
1622 5 5
1623 5 5
1624 7 7
1625 9 9
1626 9 9
1627 8 8
1628 6 6
1629 1 1
1630 8 8
1631 8 8
1632 9 9
1633 9 9
1634 9 9
1635 9 9
1636 9 9
1637 9 9
1638 5 5
1639 8 8
1640 4 4
1641 9 9
1642 4 4
1643 9 9
1644 9 9
1645 9 9
1646 5 5
1647 2 2
1648 2 2
1649 5 5
1650 8 8
1651 1 2
1652 5 5
1653 9 9
1654 9 9
1655 9 9
1656 9 9
1657 8 8
1658 9 9
1659 5 5
1660 8 8
1661 9 9
1662 5 5
1663 9 9
1664 7 7
1665 6 6
1666 6 6
1667 9 9
1668 5 5
1669 8 8
1670 6 6
1671 8 8
1672 5 5
1673 9 9
1674 8 8
1675 1 2
1676 4 4
1677 8 8
1678 9 9
1679 8 8
1680 9 9
1681 8 8
1682 9 9
1683 5 5
1684 9 9
1685 2 2
1686 5 5
1687 5 5
1688 8 8
1689 9 9
1690 3 3
1691 3 3
1692 9 9
1693 9 9
1694 5 5
1695 9 9
1696 9 9
1697 7 7
1698 5 5
1699 9 9
1700 9 9
1701 4 4
1702 8 8
1703 9 9
1704 4 4
1705 8 8
1706 9 9
1707 9 9
1708 7 7
1709 9 9
1710 9 9
1711 3 2
1712 9 9
1713 4 4
1714 3 3
1715 3 3
1716 9 9
1717 8 8
1718 9 9
1719 9 9
1720 8 8
1721 9 9
1722 8 8
1723 9 9
1724 9 9
1725 9 9
1726 9 9
1727 2 2
1728 5 5
1729 9 9
1730 9 9
1731 9 9
1732 2 2
1733 8 8
1734 9 9
1735 7 7
1736 7 7
1737 1 1
1738 9 9
1739 4 4
1740 8 8
1741 5 5
1742 9 9
1743 4 4
1744 8 8
1745 9 9
1746 7 7
1747 8 8
1748 2 2
1749 9 9
1750 9 9
1751 5 5
1752 4 4
1753 8 8
1754 8 8
1755 8 8
1756 5 5
1757 9 9
1758 1 1
1759 9 9
1760 7 7
1761 8 8
1762 9 9
1763 2 2
1764 5 5
1765 9 9
1766 8 8
1767 3 3
1768 8 8
1769 9 9
1770 8 8
1771 9 9
1772 9 9
1773 3 3
1774 9 9
1775 9 9
1776 8 8
1777 9 9
1778 8 9
1779 8 8
1780 9 9
1781 8 8
1782 3 3
1783 2 2
1784 2 2
1785 9 9
1786 8 8
1787 5 5
1788 5 5
1789 6 6
1790 3 3
1791 9 7
1792 8 8
1793 9 9
1794 5 5
1795 9 9
1796 4 4
1797 2 2
1798 9 9
1799 7 7
1800 6 6
1801 4 4
1802 9 9
1803 7 7
1804 8 8
1805 9 9
1806 6 6
1807 9 9
1808 8 8
1809 1 2
1810 1 1
1811 3 1
1812 9 9
1813 7 7
1814 8 8
1815 9 9
1816 9 9
1817 4 4
1818 9 9
1819 9 9
1820 4 4
1821 9 9
1822 9 9
1823 7 7
1824 9 9
1825 7 7
1826 4 4
1827 8 8
1828 6 6
1829 5 5
1830 4 4
1831 5 5
1832 9 9
1833 8 8
1834 9 9
1835 8 8
1836 2 2
1837 8 8
1838 9 9
1839 9 9
1840 9 9
1841 8 8
1842 2 2
1843 9 9
1844 8 8
1845 9 9
1846 9 9
1847 9 9
1848 8 8
1849 3 3
1850 9 9
1851 6 6
1852 7 7
1853 6 6
1854 8 8
1855 9 9
1856 5 5
1857 9 9
1858 7 7
1859 8 8
1860 9 9
1861 8 8
1862 9 9
1863 1 2
1864 9 9
1865 5 9
1866 8 8
1867 8 8
1868 2 2
1869 8 8
1870 8 8
1871 9 9
1872 9 9
1873 9 9
1874 8 8
1875 9 9
1876 5 5
1877 7 7
1878 9 9
1879 9 9
1880 9 9
1881 8 8
1882 6 6
1883 5 5
1884 8 8
1885 2 2
1886 9 9
1887 5 5
1888 9 9
1889 9 9
1890 4 4
1891 8 8
1892 9 9
1893 8 8
1894 9 9
1895 4 4
1896 9 9
1897 7 7
1898 9 9
1899 8 8
1900 9 9
1901 4 4
1902 8 8
1903 4 4
1904 9 9
1905 8 8
1906 7 7
1907 6 6
1908 7 7
1909 5 5
1910 6 6
1911 8 8
1912 3 3
1913 5 5
1914 9 9
1915 3 3
1916 7 7
1917 9 9
1918 8 8
1919 7 7
1920 9 9
1921 9 9
1922 9 8
1923 9 9
1924 9 9
1925 7 7
1926 9 9
1927 9 9
1928 8 8
1929 8 8
1930 9 9
1931 9 9
1932 9 9
1933 9 9
1934 8 8
1935 5 5
1936 8 8
1937 9 9
1938 9 9
1939 7 7
1940 9 9
1941 5 5
1942 5 5
1943 8 8
1944 8 8
1945 8 8
1946 9 9
1947 4 4
1948 5 5
1949 9 9
1950 5 5
1951 9 9
1952 9 9
1953 8 8
1954 2 2
1955 9 9
1956 9 9
1957 8 8
1958 9 9
1959 9 9
1960 2 1
1961 5 5
1962 2 1
1963 7 7
1964 9 9
1965 3 3
1966 8 8
1967 6 6
1968 9 9
1969 6 6
1970 7 7
1971 4 4
1972 9 9
1973 8 8
1974 8 8
1975 8 8
1976 8 8
1977 9 9
1978 9 9
1979 9 9
1980 8 8
1981 9 9
1982 9 9
1983 6 6
1984 9 9
1985 9 9
1986 9 9
1987 4 4
1988 8 8
1989 8 8
1990 7 7
1991 5 5
1992 5 5
1993 9 9
1994 8 8
1995 8 8
1996 8 8
1997 2 2
1998 1 1
1999 9 9
2000 8 8
2001 5 5
2002 9 9
2003 9 9
2004 5 5
2005 9 9
2006 9 9
2007 5 5
2008 4 4
2009 8 8
2010 9 9
2011 8 8
2012 5 5
2013 8 8
2014 8 8
2015 5 5
2016 8 8
2017 8 9
2018 4 4
2019 1 2
2020 7 7
2021 3 3
2022 9 9
2023 6 6
2024 9 9
2025 1 1
2026 9 8
2027 8 8
2028 2 2
2029 6 6
2030 8 8
2031 3 3
2032 8 8
2033 1 2
2034 3 3
2035 9 9
2036 8 8
2037 7 7
2038 8 8
2039 8 9
2040 7 7
2041 5 5
2042 9 9
2043 3 3
2044 9 9
2045 9 9
2046 6 6
2047 9 9
2048 5 5
2049 9 9
2050 9 9
2051 6 6
2052 9 9
2053 4 4
2054 9 9
2055 1 1
2056 9 9
2057 9 9
2058 9 9
2059 3 3
2060 8 8
2061 9 9
2062 9 9
2063 4 4
2064 9 9
2065 5 5
2066 5 5
2067 6 6
2068 3 3
2069 4 4
2070 8 8
2071 5 5
2072 3 3
2073 9 9
2074 9 9
2075 9 9
2076 8 8
2077 5 5
2078 5 5
2079 2 2
2080 5 5
2081 1 1
2082 9 9
2083 9 9
2084 6 6
2085 9 9
2086 8 8
2087 9 9
2088 9 9
2089 9 9
2090 9 9
2091 9 9
2092 9 9
2093 8 8
2094 8 8
2095 9 7
2096 2 1
2097 9 9
2098 8 8
2099 9 9
2100 8 8
2101 1 1
2102 9 9
2103 8 8
2104 9 9
2105 8 8
2106 9 9
2107 9 9
2108 4 4
2109 5 5
2110 9 9
2111 4 4
2112 8 8
2113 8 6
2114 9 9
2115 8 8
2116 5 5
2117 5 5
2118 7 7
2119 3 3
2120 8 8
2121 5 5
2122 8 8
2123 2 1
2124 7 9
2125 9 9
2126 9 9
2127 5 5
2128 2 2
2129 9 9
2130 1 2
2131 9 9
2132 9 9
2133 7 7
2134 3 3
2135 5 5
2136 7 7
2137 8 8
2138 9 9
2139 9 9
2140 9 9
2141 4 4
2142 9 9
2143 3 3
2144 8 8
2145 7 7
2146 8 8
2147 5 5
2148 9 9
2149 3 3
2150 8 8
2151 9 9
2152 1 1
2153 4 4
2154 1 1
2155 9 9
2156 8 8
2157 5 5
2158 8 8
2159 8 8
2160 9 9
2161 1 1
2162 8 8
2163 6 6
2164 9 9
2165 8 8
2166 8 8
2167 2 2
2168 6 6
2169 2 2
2170 2 2
2171 6 6
2172 9 9
2173 2 2
2174 9 9
2175 3 3
2176 9 9
2177 1 1
2178 9 9
2179 8 8
2180 8 8
2181 2 2
2182 8 8
2183 9 9
2184 6 6
2185 9 9
2186 8 8
2187 8 8
2188 9 9
2189 2 1
2190 9 9
2191 9 9
2192 9 9
2193 8 8
2194 7 7
2195 5 5
2196 9 9
2197 8 8
2198 8 8
2199 9 9
2200 9 9
2201 8 8
2202 8 8
2203 8 8
2204 4 4
2205 8 8
2206 6 6
2207 9 9
2208 2 2
2209 9 9
2210 9 9
2211 4 4
2212 7 7
2213 9 9
2214 1 1
2215 9 9
2216 5 5
2217 2 2
2218 7 9
2219 7 7
2220 8 8
2221 6 6
2222 9 9
2223 2 2
2224 4 4
2225 9 9
2226 9 9
2227 9 9
2228 1 1
2229 5 5
2230 5 5
2231 8 8
2232 5 5
2233 2 2
2234 8 8
2235 8 8
2236 9 9
2237 9 9
2238 9 9
2239 8 8
2240 9 9
2241 8 8
2242 4 4
2243 9 9
2244 8 8
2245 6 6
2246 5 5
2247 6 6
2248 1 1
2249 2 2
2250 9 9
2251 3 3
2252 9 9
2253 9 9
2254 4 4
2255 8 8
2256 2 2
2257 8 8
2258 5 5
2259 9 9
2260 9 9
2261 9 9
2262 8 8
2263 4 4
2264 9 9
2265 8 8
2266 3 3
2267 9 9
2268 9 9
2269 9 9
2270 8 8
2271 8 8
2272 3 9
2273 9 9
2274 6 6
2275 2 2
2276 9 9
2277 9 9
2278 8 8
2279 9 9
2280 9 9
2281 9 9
2282 9 9
2283 8 8
2284 8 8
2285 8 8
2286 8 8
2287 5 5
2288 9 9
2289 8 8
2290 9 9
2291 5 5
2292 9 9
2293 9 9
2294 8 8
2295 8 8
2296 5 5
2297 9 9
2298 8 8
2299 8 8
2300 8 8
2301 1 2
2302 8 8
2303 7 7
2304 3 3
2305 6 6
2306 9 9
2307 9 9
2308 8 8
2309 9 9
2310 9 9
2311 1 1
2312 8 8
2313 9 9
2314 9 9
2315 7 7
2316 9 9
2317 7 7
2318 5 5
2319 9 9
2320 9 9
2321 7 7
2322 9 9
2323 3 3
2324 2 1
2325 5 5
2326 8 8
2327 8 8
2328 9 8
2329 9 9
2330 2 3
2331 1 1
2332 8 8
2333 8 8
2334 9 9
2335 5 5
2336 1 5
2337 3 3
2338 9 9
2339 9 9
2340 1 1
2341 7 7
2342 7 7
2343 9 9
2344 8 8
2345 6 6
2346 2 2
2347 9 9
2348 1 1
2349 5 5
2350 9 9
2351 1 1
2352 4 4
2353 9 9
2354 8 8
2355 7 7
2356 9 9
2357 7 7
2358 4 4
2359 3 3
2360 7 7
2361 1 1
2362 8 8
2363 7 7
2364 1 2
2365 8 8
2366 8 8
2367 5 5
2368 5 5
2369 9 9
2370 3 3
2371 1 2
2372 5 5
2373 9 9
2374 9 9
2375 9 9
2376 9 9
2377 1 1
2378 7 7
2379 1 1
2380 9 9
2381 1 1
2382 1 1
2383 3 2
2384 1 2
2385 6 6
2386 9 9
2387 9 9
2388 9 9
2389 9 9
2390 5 5
2391 8 8
2392 8 8
2393 9 9
2394 8 8
2395 9 9
2396 9 9
2397 8 8
2398 5 5
2399 9 9
2400 5 1
2401 8 8
2402 9 9
2403 9 9
2404 9 9
2405 6 6
2406 5 9
2407 7 6
2408 3 3
2409 9 9
2410 8 8
2411 8 9
2412 5 5
2413 7 7
2414 8 9
2415 9 9
2416 5 5
2417 2 2
2418 9 9
2419 3 3
2420 4 4
2421 9 9
2422 5 5
2423 8 8
2424 9 9
2425 8 8
2426 9 9
2427 7 8
2428 7 7
2429 4 4
2430 8 8
2431 6 6
2432 8 8
2433 5 5
2434 8 8
2435 6 6
2436 5 5
2437 9 9
2438 9 9
2439 9 9
2440 8 8
2441 9 9
2442 7 7
2443 9 9
2444 1 1
2445 9 9
2446 5 5
2447 5 5
2448 8 8
2449 5 5
2450 9 9
2451 8 8
2452 9 9
2453 1 2
2454 8 8
2455 1 1
2456 9 9
2457 9 9
2458 6 6
2459 5 5
2460 9 9
2461 9 9
2462 9 9
2463 3 3
2464 9 9
2465 9 9
2466 8 8
2467 9 9
2468 9 9
2469 9 9
2470 9 9
2471 9 9
2472 9 9
2473 8 8
2474 9 9
2475 8 8
2476 9 9
2477 4 4
2478 9 9
2479 6 6
2480 5 5
2481 8 3
2482 3 3
2483 9 9
2484 5 5
2485 9 9
2486 1 1
2487 9 9
2488 3 3
2489 6 6
2490 6 6
2491 6 6
2492 4 4
2493 5 5
2494 8 8
2495 5 5
2496 2 2
2497 9 9
2498 5 5
2499 8 8
2500 9 9
2501 9 9
2502 5 3
2503 9 9
2504 8 8
2505 9 9
2506 3 3
2507 8 8
2508 8 8
2509 9 9
2510 8 8
2511 8 8
2512 8 8
2513 2 2
2514 6 6
2515 5 5
2516 9 9
2517 2 2
2518 5 5
2519 4 4
2520 3 3
2521 1 3
2522 9 9
2523 4 4
2524 3 3
2525 9 9
2526 9 9
2527 9 9
2528 9 9
2529 8 8
2530 7 7
2531 1 1
2532 9 9
2533 9 9
2534 5 5
2535 8 8
2536 8 8
2537 8 8
2538 1 1
2539 9 9
2540 9 9
2541 8 8
2542 4 4
2543 8 8
2544 9 9
2545 9 9
2546 8 8
2547 3 3
2548 9 9
2549 3 1
2550 8 8
2551 9 9
2552 9 9
2553 5 5
2554 7 7
2555 8 8
2556 9 9
2557 9 9
2558 7 7
2559 8 8
2560 7 7
2561 2 2
2562 3 9
2563 8 8
2564 9 9
2565 5 5
2566 9 9
2567 8 8
2568 9 9
2569 9 9
2570 5 5
2571 9 9
2572 8 8
2573 2 2
2574 8 8
2575 2 1
2576 2 1
2577 7 7
2578 4 4
2579 5 5
2580 6 6
2581 7 7
2582 2 1
2583 8 8
2584 8 8
2585 6 6
2586 7 7
2587 9 9
2588 9 9
2589 5 5
2590 3 3
2591 7 7
2592 4 4
2593 9 9
2594 9 9
2595 9 9
2596 5 5
2597 9 9
2598 9 9
2599 8 8
2600 9 9
2601 8 8
2602 9 9
2603 5 5
2604 9 9
2605 9 9
2606 9 9
2607 8 8
2608 8 8
2609 2 1
2610 9 9
2611 5 5
2612 6 6
2613 9 9
2614 3 3
2615 8 8
2616 4 4
2617 7 7
2618 5 5
2619 8 8
2620 8 8
2621 9 9
2622 7 7
2623 9 9
2624 8 8
2625 9 9
2626 9 9
2627 2 2
2628 8 8
2629 9 9
2630 5 5
2631 8 8
2632 1 2
2633 9 9
2634 9 9
2635 1 1
2636 8 8
2637 9 9
2638 9 9
2639 6 6
2640 9 9
2641 9 9
2642 9 9
2643 6 6
2644 9 9
2645 9 9
2646 8 8
2647 4 4
2648 5 5
2649 8 8
2650 9 9
2651 8 8
2652 9 9
2653 7 7
2654 9 9
2655 9 9
2656 8 8
2657 6 6
2658 8 8
2659 5 5
2660 6 6
2661 8 8
2662 9 9
2663 8 8
2664 2 1
2665 3 3
2666 9 9
2667 9 9
2668 8 8
2669 4 4
2670 9 9
2671 9 9
2672 7 7
2673 9 9
2674 4 4
2675 9 9
2676 9 9
2677 9 9
2678 8 8
2679 9 9
2680 8 8
2681 9 9
2682 9 9
2683 5 5
2684 9 9
2685 7 7
2686 1 1
2687 9 9
2688 8 8
2689 5 5
2690 9 9
2691 9 9
2692 6 6
2693 4 4
2694 7 7
2695 9 9
2696 9 9
2697 8 8
2698 7 3
2699 2 2
2700 8 8
2701 3 3
2702 9 9
2703 9 9
2704 8 8
2705 8 8
2706 9 9
2707 9 9
2708 9 9
2709 5 5
2710 9 9
2711 7 7
2712 9 9
2713 7 7
2714 9 9
2715 8 8
2716 9 9
2717 1 1
2718 9 9
2719 8 8
2720 7 7
2721 1 5
2722 8 8
2723 8 8
2724 1 1
2725 2 2
2726 5 5
2727 5 5
2728 9 9
2729 5 5
2730 5 5
2731 9 9
2732 9 8
2733 1 1
2734 8 8
2735 8 8
2736 5 5
2737 9 9
2738 8 8
2739 8 8
2740 4 4
2741 1 1
2742 8 8
2743 8 8
2744 4 4
2745 5 5
2746 9 9
2747 8 8
2748 8 8
2749 8 8
2750 8 8
2751 8 8
2752 8 8
2753 9 9
2754 8 8
2755 3 3
2756 9 9
2757 9 9
2758 6 6
2759 5 5
2760 9 9
2761 9 9
2762 9 9
2763 9 9
2764 9 9
2765 8 8
2766 9 9
2767 8 8
2768 8 8
2769 8 8
2770 7 7
2771 9 9
2772 3 3
2773 9 9
2774 8 8
2775 8 9
2776 9 9
2777 2 2
2778 9 9
2779 1 1
2780 8 8
2781 9 9
2782 2 2
2783 8 8
2784 9 9
2785 3 3
2786 8 8
2787 9 9
2788 3 3
2789 3 3
2790 3 3
2791 5 5
2792 7 7
2793 6 6
2794 9 9
2795 1 1
2796 9 9
2797 6 6
2798 8 8
2799 6 6
2800 8 8
2801 8 5
2802 7 7
2803 9 9
2804 9 9
2805 9 9
2806 9 9
2807 7 7
2808 9 9
2809 9 9
2810 8 8
2811 5 5
2812 6 6
2813 8 8
2814 5 5
2815 5 5
2816 2 2
2817 4 4
2818 5 5
2819 9 9
2820 9 9
2821 4 4
2822 7 7
2823 5 5
2824 5 5
2825 9 9
2826 1 1
2827 9 9
2828 5 5
2829 8 8
2830 3 3
2831 9 9
2832 9 9
2833 7 7
2834 8 8
2835 5 5
2836 9 9
2837 9 9
2838 5 5
2839 9 9
2840 5 5
2841 9 9
2842 9 9
2843 8 8
2844 8 8
2845 2 2
2846 1 3
2847 5 5
2848 6 6
2849 9 9
2850 9 9
2851 1 1
2852 9 9
2853 2 2
2854 5 5
2855 1 2
2856 9 9
2857 4 4
2858 3 3
2859 4 4
2860 9 9
2861 2 2
2862 9 9
2863 8 8
2864 9 9
2865 8 8
2866 9 9
2867 9 9
2868 5 5
2869 2 2
2870 9 9
2871 8 8
2872 2 1
2873 1 1
2874 1 2
2875 2 2
2876 6 6
2877 9 9
2878 5 5
2879 3 3
2880 8 8
2881 9 9
2882 2 2
2883 6 6
2884 2 2
2885 4 4
2886 1 1
2887 9 9
2888 9 9
2889 8 8
2890 9 9
2891 2 2
2892 9 9
2893 8 8
2894 1 2
2895 7 7
2896 7 7
2897 9 9
2898 5 5
2899 9 9
2900 6 6
2901 8 8
2902 4 4
2903 8 8
2904 9 9
2905 8 8
2906 8 8
2907 9 9
2908 8 8
2909 8 8
2910 8 8
2911 9 9
2912 7 7
2913 9 9
2914 9 9
2915 3 3
2916 8 8
2917 8 8
2918 8 8
2919 5 5
2920 8 8
2921 7 7
2922 1 1
2923 9 9
2924 2 1
2925 9 9
2926 4 4
2927 2 1
2928 9 9
2929 8 8
2930 2 2
2931 9 9
2932 8 8
2933 8 9
2934 7 7
2935 3 3
2936 8 8
2937 8 8
2938 8 8
2939 7 7
2940 6 7
2941 9 9
2942 6 6
2943 9 9
2944 9 3
2945 5 5
2946 8 8
2947 9 9
2948 1 1
2949 9 9
2950 7 7
2951 9 9
2952 5 5
2953 6 6
2954 8 8
2955 5 5
2956 8 8
2957 9 9
2958 9 9
2959 3 1
2960 9 9
2961 9 9
2962 8 8
2963 2 2
2964 9 9
2965 8 7
2966 8 8
2967 9 9
2968 5 5
2969 9 9
2970 2 2
2971 5 5
2972 8 8
2973 9 9
2974 7 7
2975 9 9
2976 4 4
2977 5 5
2978 2 3
2979 8 8
2980 2 2
2981 8 8
2982 8 8
2983 9 9
2984 9 9
2985 9 9
2986 9 9
2987 8 8
2988 5 5
2989 9 9
2990 9 9
2991 8 8
2992 8 8
2993 9 9
2994 9 9
2995 1 1
2996 5 5
2997 9 9
2998 8 8
2999 8 8
3000 8 8
3001 4 4
3002 3 3
3003 9 9
3004 8 8
3005 5 5
3006 9 9
3007 4 4
3008 6 6
3009 9 9
3010 7 7
3011 9 9
3012 8 8
3013 9 9
3014 9 9
3015 9 9
3016 5 5
3017 8 8
3018 9 9
3019 9 9
3020 4 4
3021 8 8
3022 5 5
3023 5 5
3024 5 5
3025 9 9
3026 2 2
3027 7 7
3028 7 7
3029 5 5
3030 9 9
3031 8 8
3032 9 9
3033 8 8
3034 9 9
3035 8 8
3036 9 9
3037 8 8
3038 3 3
3039 7 7
3040 5 5
3041 5 5
3042 5 5
3043 8 8
3044 8 8
3045 2 2
3046 8 8
3047 3 3
3048 2 1
3049 2 1
3050 2 2
3051 3 3
3052 2 2
3053 9 9
3054 3 3
3055 9 9
3056 9 9
3057 9 9
3058 9 9
3059 9 9
3060 8 8
3061 9 9
3062 4 4
3063 9 9
3064 6 6
3065 8 8
3066 8 8
3067 8 8
3068 5 5
3069 5 5
3070 9 9
3071 8 8
3072 9 9
3073 5 5
3074 9 9
3075 9 9
3076 9 9
3077 7 7
3078 5 5
3079 9 9
3080 9 9
3081 8 8
3082 5 5
3083 9 9
3084 1 1
3085 8 8
3086 5 5
3087 8 8
3088 9 9
3089 8 8
3090 9 9
3091 5 5
3092 9 9
3093 8 8
3094 5 5
3095 5 5
3096 3 3
3097 8 8
3098 9 9
3099 7 7
3100 8 8
3101 9 9
3102 9 9
3103 2 2
3104 8 8
3105 4 4
3106 8 8
3107 5 5
3108 7 7
3109 9 9
3110 8 8
